1.095012468827930336e+22
1.095012468827930336e+22
1.095012468827930336e+22
1.095012468827930336e+22
1.095012468827930336e+22
1.095012468827930336e+22
1.095012468827930336e+22
1.095012468827930336e+22
1.095012468827930336e+22
1.095012468827930336e+22
1.095012468827930336e+22
1.095012468827930336e+22
1.095012468827930336e+22
1.095012468827930336e+22
1.095012468827930336e+22
1.095012468827930336e+22
1.095012468827930336e+22
1.095012468827930336e+22
1.095012468827930336e+22
1.095012468827930336e+22
1.095012468827930336e+22
1.095012468827930336e+22
1.095012468827933691e+22
1.095012468828119708e+22
1.095012468836013598e+22
1.095012469096426609e+22
1.095012475764925583e+22
1.095012608235343865e+22
1.095014647951255614e+22
1.095038963540826889e+22
1.095263032494130620e+22
1.096855609323057211e+22
1.105558286437029459e+22
1.141946033381740590e+22
1.257480640165696661e+22
1.532468606052170780e+22
2.011195416191910806e+22
2.587502239891396231e+22
2.986145113151770932e+22
2.958875903078782154e+22
2.523865808051348544e+22
1.947018538616518345e+22
1.490178124271419025e+22
1.237572297448814438e+22
1.135015841290741036e+22
1.103743740828671436e+22
1.096494782875186915e+22
1.095208236770012640e+22
1.095033044163906398e+22
1.095020669386100415e+22
1.095084517425544167e+22
1.095623077822077705e+22
1.099043141964183424e+22
1.115708011848617322e+22
1.177665266732209327e+22
1.351767972698990313e+22
1.715400532406125881e+22
2.260985682753972968e+22
2.799505313464372429e+22
3.033144058913298475e+22
2.809178193553482423e+22
2.274256868919382272e+22
1.726022563538810385e+22
1.357646052853668433e+22
1.180037281245670723e+22
1.116422759994920586e+22
1.099206010213243866e+22
1.095651350989284940e+22
1.095088176877825478e+22
1.095019447050644855e+22
1.095012969126269918e+22
1.095012496727324020e+22
1.095012470038087913e+22
1.095012468868759578e+22
1.095012468829001771e+22
1.095012468827952146e+22
1.095012468827930755e+22
1.095012468827930336e+22
1.095012468827930336e+22
1.095012468827930336e+22
1.095012468827930336e+22
1.095012468827930336e+22
1.095012468827930336e+22
1.095012468827930545e+22
1.095012468827937885e+22
1.095012468828328585e+22
1.095012468844134190e+22
1.095012469340690711e+22
1.095012481448933956e+22
1.095012710460075226e+22
1.095016067124857248e+22
1.095054148160494712e+22
1.095387982697616061e+22
1.097644025201182953e+22
1.109356817800542919e+22
1.155830236542095747e+22
1.295580438236018980e+22
1.609499164447785091e+22
2.121534296246636354e+22
2.688114887914180261e+22
3.018107185044244765e+22
2.900685539010558925e+22
2.413752034232235354e+22
1.844148042147648504e+22
1.426024114458644080e+22
1.208777186977424972e+22
1.125425057339262003e+22
1.101336305510361806e+22
1.096035265659165842e+22
1.095141139500521803e+22
1.095025059567392680e+22
1.095013427134294340e+22
1.095012525561351871e+22
1.095012471440422837e+22
1.095012468921503790e+22
1.095012468830537305e+22
1.095012468827986749e+22
1.095012468827931384e+22
1.095012468827930336e+22
1.095012468827930336e+22
1.095012468827930336e+22
1.095012468827930336e+22
1.095012468827932223e+22
1.095012468828036032e+22
1.095012468832617680e+22
1.095012468989583006e+22
1.095012473164216979e+22
1.095012559304202702e+22
1.095013937189069049e+22
1.095031004679085910e+22
1.095194469777376123e+22
1.096402473444439805e+22
1.103269811362709111e+22
1.133166974159349717e+22
1.232142578389687363e+22
1.478367606068130244e+22
1.928600021197235474e+22
2.504894005101955174e+22
2.949805665120396352e+22
2.992984612725841304e+22
2.605668687777613061e+22
2.030252140052969266e+22
1.545374394122739332e+22
1.263699572855262098e+22
1.144157947191543359e+22
1.106149430365184957e+22
1.096975518738725575e+22
1.095281608322534552e+22
1.095041170354217366e+22
1.095014849579178787e+22
1.095012622432635086e+22
1.095012476536547705e+22
1.095012469128835786e+22
1.095012468837066578e+22
1.095012468828146133e+22
1.095012468827934320e+22
1.095012468827930336e+22
1.095012468827930336e+22
1.095012468827930336e+22
1.095012468827930336e+22
1.095012468827931804e+22
1.095012468828019674e+22
1.095012468831936106e+22
1.095012468967572767e+22
1.095012472614289408e+22
1.095012548684013791e+22
1.095013778841142716e+22
1.095029184537387703e+22
1.095178372279233518e+22
1.096293228064319052e+22
1.102703083305197319e+22
1.130932446218499496e+22
1.225507067768136637e+22
1.463761160551892045e+22
1.905506663023595907e+22
2.480653698054740142e+22
2.937621328030747276e+22
3.000898739388689259e+22
2.628365927124506457e+22
2.054565631890389624e+22
1.562077415474932901e+22
1.271846959817983368e+22
1.147088532291273831e+22
1.106941104855456311e+22
1.097137791602294102e+22
1.095307006244696778e+22
1.095044218373958271e+22
1.095015130876868559e+22
1.095012642438442805e+22
1.095012477634716946e+22
1.095012469175418775e+22
1.095012468838594983e+22
1.095012468828184930e+22
1.095012468827935159e+22
1.095012468827930336e+22
1.095012468827930336e+22
1.095012468827937047e+22
1.095012468828283286e+22
1.095012468842402572e+22
1.095012469289539076e+22
1.095012480280263288e+22
1.095012689829551931e+22
1.095015786079616342e+22
1.095051198414027384e+22
1.095364182099868254e+22
1.097496837972247446e+22
1.108662227260357476e+22
1.153345597887026613e+22
1.288916594515373772e+22
1.596361632722763907e+22
2.103278205892711101e+22
2.672228534927491491e+22
3.014073754476838545e+22
2.911230425012886936e+22
2.432003687112109772e+22
1.860557272982762396e+22
1.435965174041544543e+22
1.213125859472384721e+22
1.126838728504091502e+22
1.101682894295281959e+22
1.096099902905730990e+22
1.095150359157751257e+22
1.095026069054734048e+22
1.095013512201810372e+22
1.095012531088808057e+22
1.095012471717758186e+22
1.095012468932260502e+22
1.095012468830860267e+22
1.095012468828012544e+22
1.095012468828837983e+22
1.095012468862864484e+22
1.095012469874952975e+22
1.095012493236493301e+22
1.095012911426325342e+22
1.095018711333345427e+22
1.095080952886438815e+22
1.095596857138699095e+22
1.098891247687961045e+22
1.115037351880033514e+22
1.175425498625186202e+22
1.346180483008198345e+22
1.705228632103611217e+22
2.248159143210600786e+22
2.790001388854119812e+22
3.032909267225811930e+22
2.818372021016898568e+22
2.287084819795172708e+22
1.736385660548091268e+22
1.363423561648401338e+22
1.182384329828375462e+22
1.117134458281897912e+22
1.099369174735571963e+22
1.095679849733760745e+22
1.095091987803855127e+22
1.095019838518416166e+22
1.095013000090462296e+22
1.095012498616564790e+22
1.095012470127122711e+22
1.095012468872003872e+22
1.095012468829093206e+22
1.095012468827954243e+22
1.095012468827930755e+22
1.095012468827930336e+22
1.095012468827930336e+22
1.095012468827930336e+22
1.095012468827930336e+22
1.095012468827930336e+22
1.095012468827930336e+22
1.095012468827930336e+22
1.095012468827930336e+22
1.095012468827930545e+22
1.095012468827946274e+22
1.095012468828723688e+22
1.095012468858772940e+22
1.095012469760555850e+22
1.095012490763239109e+22
1.095012870120996549e+22
1.095018179155569148e+22
1.095075672435466646e+22
1.095556600714795942e+22
1.098656213650383883e+22
1.113991463415938076e+22
1.171904249374981908e+22
1.337320663818077995e+22
1.688945878897083915e+22
2.227383833404633829e+22
2.774286104349961617e+22
3.032038823955023056e+22
2.832937581498711042e+22
2.307865161059073524e+22
1.753377148062172552e+22
1.372987929614256125e+22
1.186303447568999671e+22
1.118332586444993436e+22
1.099646031895844828e+22
1.095728580726171999e+22
1.095098553963840851e+22
1.095020518105766953e+22
1.095013054247364618e+22
1.095012501945527671e+22
1.095012470285173313e+22
1.095012468877805853e+22
1.095012468829258043e+22
1.095012468827957808e+22
1.095012468827930755e+22
1.095012468827930965e+22
1.095012468827973956e+22
1.095012468829975688e+22
1.095012468902560845e+22
1.095012470946029529e+22
1.095012515586079562e+22
1.095013271706416238e+22
1.095023192012888211e+22
1.095123867302037448e+22
1.095912621460763024e+22
1.100670098789578152e+22
1.122671336125719852e+22
1.200188241498140888e+22
1.406097060543006664e+22
1.810698859684370684e+22
2.375715643612225287e+22
2.877619774764230692e+22
3.024954866664655448e+22
2.720241160521803576e+22
2.159562515495312268e+22
1.637386833950779271e+22
1.309950712145863560e+22
1.161266102830267315e+22
1.110897467478895703e+22
1.097974885404305575e+22
1.095442189795487384e+22
1.095060953942873185e+22
1.095016723947643417e+22
1.095012759294800665e+22
1.095012484250718542e+22
1.095012469464888037e+22
1.095012468848392038e+22
1.095012468828441621e+22
1.095012468827940192e+22
1.095012468827932643e+22
1.095012468828047566e+22
1.095012468833091217e+22
1.095012469004743737e+22
1.095012473539691702e+22
1.095012566491540226e+22
1.095014043404291224e+22
1.095032214692306092e+22
1.095205074929611230e+22
1.096473789075143891e+22
1.103636339419168689e+22
1.134598369356650906e+22
1.236350909626722969e+22
1.487532235340640158e+22
1.942911690346349357e+22
2.519663215617082864e+22
2.956902610698673691e+22
2.987709773898388708e+22
2.591557343377397436e+22
2.015419214308425964e+22
1.535315130392470618e+22
1.258846567949465027e+22
1.142429979758363358e+22
1.105687144221004897e+22
1.096881652896077185e+22
1.095267052726538312e+22
1.095039439468654861e+22
1.095014691283378215e+22
1.095012611275922552e+22
1.095012475929609896e+22
1.095012469103319738e+22
1.095012468836236735e+22
1.095012468828125161e+22
1.095012468827933901e+22
1.095012468827930336e+22
1.095012468827930336e+22
1.095012468827930336e+22
1.095012468827930336e+22
1.095012468827930336e+22
1.095012468827930336e+22
1.095012468827930336e+22
1.095012468827930336e+22
1.095012468827930336e+22
1.095012468827932223e+22
1.095012468828032467e+22
1.095012468832465427e+22
1.095012468984683849e+22
1.095012473042326939e+22
1.095012556960241497e+22
1.095013902389636969e+22
1.095030606397561845e+22
1.095190962680260198e+22
1.096378777741683379e+22
1.103147439834350066e+22
1.132686716284284017e+22
1.230723337852009264e+22
1.475259774846025230e+22
1.923715884785439500e+22
2.499809501084767801e+22
2.947304686208610311e+22
2.994720644421483128e+22
